% --- 2D SFR Assembly based on MET-1000

% --- Materials

mat fuel sum tmp 807.15 vol 89.15304673765142 rgb 255 0 0 burn 1
U-234.81c 1.1369e-06
U-235.81c 3.0421e-05
U-236.81c 2.4896e-06
U-238.81c 0.019613
Np-237.81c 4.6686e-05
Pu-236.81c 4.97e-10
Pu-238.81c 0.00011695
Pu-239.81c 0.0022076
Pu-240.81c 0.0013244
Pu-241.81c 0.00019375
Pu-242.81c 0.00029277
Am-241.81c 0.00010791
Am-242m.81c 9.2989e-06
Am-243.81c 0.00010017
Cm-242.81c 5.625e-06
Cm-243.81c 5.4321e-07
Cm-244.81c 6.724e-05
Cm-245.81c 1.7397e-05
Cm-246.81c 9.2285e-06
Zr-90.81c 0.0037456629
Zr-91.81c 0.00081683844
Zr-92.81c 0.00124855430
Zr-94.81c 0.00126529876
Zr-96.81c 0.00020384560
Mo-100.81c 9.04954512e-05
Mo-92.81c 0.0001360496577
Mo-94.81c 8.53224251e-05
Mo-95.81c 0.0001474173129
Mo-96.81c 0.0001548471529
Mo-97.81c 8.89909086e-05
Mo-98.81c 0.0002256070916

mat ht9 sum tmp 705.65 rgb 0 0 0
Fe-54.81c 0.00407484175
Fe-56.81c 0.0639663011
Fe-57.81c 0.00147726085
Fe-58.81c 0.0001965963
Ni-58.81c 0.00029262174696
Ni-60.81c 0.00011271737304
Ni-61.81c 4.89974616e-06
Ni-62.81c 1.56225348e-05
Ni-64.81c 3.97859904e-06
Cr-50.81c 0.0004504027
Cr-52.81c 0.00868556774
Cr-53.81c 0.00098487366
Cr-54.81c 0.0002451559
Mn-55.81c 0.00045921
Mo-100.81c 4.77524208e-05
Mo-92.81c 7.17903543e-05
Mo-94.81c 4.50227309e-05
Mo-95.81c 7.77888111e-05
Mo-96.81c 8.17093711e-05
Mo-97.81c 4.69585074e-05
Mo-98.81c 0.0001190478044

mat sodium sum tmp 705.65 rgb 255 255 100
Na-23.81c 2.2272E-02

% --- Geometry

% Fuel pin
pin 1
fuel 0.3236
ht9 0.3857
sodium

% Empty sodium pin
pin 2
sodium

% Hex lattice
lat 100 2 0.0 0.0 21 21 0.8966
2 2 2 2 2 2 2 2 2 2 2 2 2 2 2 2 2 2 2 2 2
 2 2 2 2 2 2 2 2 2 2 1 1 1 1 1 1 1 1 1 1 2
  2 2 2 2 2 2 2 2 2 1 1 1 1 1 1 1 1 1 1 1 2
   2 2 2 2 2 2 2 2 1 1 1 1 1 1 1 1 1 1 1 1 2
    2 2 2 2 2 2 2 1 1 1 1 1 1 1 1 1 1 1 1 1 2
     2 2 2 2 2 2 1 1 1 1 1 1 1 1 1 1 1 1 1 1 2
      2 2 2 2 2 1 1 1 1 1 1 1 1 1 1 1 1 1 1 1 2
       2 2 2 2 1 1 1 1 1 1 1 1 1 1 1 1 1 1 1 1 2
        2 2 2 1 1 1 1 1 1 1 1 1 1 1 1 1 1 1 1 1 2
         2 2 1 1 1 1 1 1 1 1 1 1 1 1 1 1 1 1 1 1 2
          2 1 1 1 1 1 1 1 1 1 1 1 1 1 1 1 1 1 1 1 2
           2 1 1 1 1 1 1 1 1 1 1 1 1 1 1 1 1 1 1 2 2
            2 1 1 1 1 1 1 1 1 1 1 1 1 1 1 1 1 1 2 2 2
             2 1 1 1 1 1 1 1 1 1 1 1 1 1 1 1 1 2 2 2 2
              2 1 1 1 1 1 1 1 1 1 1 1 1 1 1 1 2 2 2 2 2
               2 1 1 1 1 1 1 1 1 1 1 1 1 1 1 2 2 2 2 2 2
                2 1 1 1 1 1 1 1 1 1 1 1 1 1 2 2 2 2 2 2 2
                 2 1 1 1 1 1 1 1 1 1 1 1 1 2 2 2 2 2 2 2 2
                  2 1 1 1 1 1 1 1 1 1 1 1 2 2 2 2 2 2 2 2 2
                   2 1 1 1 1 1 1 1 1 1 1 2 2 2 2 2 2 2 2 2 2
                    2 2 2 2 2 2 2 2 2 2 2 2 2 2 2 2 2 2 2 2 2

% Bounding hexagons
surf 7 hexyc 0.0 0.0 7.50955
surf 8 hexyc 0.0 0.0 7.90615
surf 9 hexyc 0.0 0.0 8.12355

% Cells

cell 1 0 fill 100 -7
cell 2 0 ht9 7 -8
cell 3 0 sodium 8 -9
cell 4 0 outside 9

% --- Settings

set bc 3
set pop 4000000 200 20
set ures 1
set acelib "xsdata_endfb71"
set declib "sss_endfb71.dec"
set nfylib "sss_endfb71.nfy"
set isobra 110230 102 0.2322804
           170370 102 0.879945
           210450 102 0.5562131
           270590 102 0.4440172
           320720 102 0.5016774
           320740 102 0.6659399
           320760 102 0.4004585
           340760 102 0.7404387
           340780 102 0.1174581
           340800 102 0.8467427
           340820 102 0.1344763
           350790 102 0.7680622
           350810 102 0.09144152
           360780 102 0.9707075
           360800 102 0.60369
           360820 102 0.3337274
           360840 102 0.1834211
           370850 102 0.8795385
           380840 102 0.2515508
           380860 102 0.1989285
           390890 102 0.9892179
           390900 102 0.7493423
           410930 102 0.3100506
           410940 102 0.9607838
           420920 102 0.9979834
           451030 102 0.9231517
           451050 102 0.9034308
           461060 102 0.9545036
           461080 102 0.9773971
           461100 102 0.851039
           471070 102 0.9885965
           471090 102 0.9533051
           481100 102 0.9935882
           481120 102 0.8687045
           481140 102 0.8813488
           481160 102 0.6664465
           491130 102 0.4194048
           501120 102 0.7253126
           501160 102 0.9572524
           501180 102 0.9800847
           501200 102 0.9904803
           501220 102 0.01013734
           501240 102 0.03840493
           501260 102 0.3020345
           511210 102 0.9363269
           521200 102 0.8877869
           521220 102 0.6447302
           521240 102 0.9911435
           521260 102 0.8687548
           521280 102 0.9246087
           521300 102 0.8557132
           521320 102 0.8691182
           531290 102 0.4132203
           531310 102 0.983837
           541240 102 0.8284029
           541260 102 0.8652369
           541280 102 0.8911829
           541300 102 0.915879
           541320 102 0.888214
           541330 102 0.9597055
           541340 102 0.9857912
           551330 102 0.9069577
           551340 102 0.9959592
           551350 102 0.9838413
           551370 102 0.9029225
           561300 102 0.8856946
           561320 102 0.9181743
           561340 102 0.9257324
           561350 102 0.997195
           561360 102 0.9754134
           581360 102 0.8658352
           581380 102 0.9804987
           591410 102 0.6518099
           591430 102 0.3100245
           611470 102 0.5332397
           631530 102 0.9838411
           661640 102 0.3707271
           671650 102 0.948784
           681660 102 0.2508895
           711750 102 0.3337858
           711760 102 0.9989865
           721790 102 0.9907573
           741820 102 0.8422296
           741840 102 0.8825411
           751850 102 0.998352
           751870 102 0.972502
           791970 102 0.998996
           801960 102 0.9658785
           801980 102 0.9914029
           822060 102 0.9787865
           832090 102 0.6766195
           912330 102 0.4880139
           922340 102 0.5005599
           932350 102 0.4005079
           932390 102 0.3733749
           942360 102 0.50091
           952410 102 0.8676948
           952430 102 0.08091221
           972470 102 0.4005492
           992530 102 0.0320329
           992550 102 0.9838167

% --- Depletion

% Use predictor
set pcc ce

% In 2D, the power is 174 W/cm
set power 63143.

% Depletion steps
dep daytot  20.0  40.0  60.0  80.0 100.0 120.0 140.0 160.0 180.0
           200.0 220.0 240.0 260.0 280.0 300.0 320.0 340.0 360.0

% Isotope list for inventory calculation:
set inventory all
